4294967278,25
4294967278,24
4294967278,23
4294967278,22
4294967278,21
4294967279,356
4294967278,265
4294967278,263
4294967278,543
4294967279,355
4294967279,279
4294967278,542
4294967278,261
4294967278,541
4294967279,354
4294967279,353
4294967278,540
4294967278,258
4294967278,259
4294967279,278
4294967278,20
4294967279,262
4294967278,256
4294967278,19
4294967278,18
4294967278,17
4294967278,16
4294967278,15
4294967278,14
4294967278,13
4294967278,12
4294967278,11
4294967278,10
4294967278,9
4294967278,8
4294967278,7
4294967278,6
4294967278,5
4294967279,132
4294967279,131
4294967279,130
4294967279,129
4294967279,128
4294967279,127
4294967279,122
4294967279,120
4294967279,119
4294967279,118
4294967279,117
4294967279,116
4294967279,115
4294967279,113
4294967279,112
4294967279,111
4294967279,284
4294967278,4
4294967278,273
4294967279,256
4294967278,539
4294967278,538
4294967279,352
4294967279,126
4294967279,124
4294967279,351
4294967279,125
4294967278,537
4294967279,253
4294967278,536
4294967279,350
4294967279,123
4294967278,535
4294967278,534
4294967279,121
4294967279,250
4294967278,533
4294967279,247
4294967278,245
4294967278,532
4294967279,114
4294967279,229
4294967278,227
4294967278,225
4294967279,225
4294967278,222
4294967279,222
4294967278,531
4294967279,349
4294967278,530
4294967279,348
4294967279,209
4294967278,208
4294967279,347
4294967279,346
4294967278,529
4294967279,345
4294967278,528
4294967278,205
4294967279,205
4294967278,119
4294967278,118
4294967278,117
4294967278,116
4294967278,115
4294967278,114
4294967278,113
4294967278,112
4294967278,111
4294967278,110
4294967278,109
4294967278,108
4294967278,103
4294967278,102
4294967278,99
4294967278,98
4294967278,96
4294967278,95
4294967278,94
4294967278,92
4294967278,91
4294967278,90
4294967278,87
4294967278,86
4294967279,110
4294967279,109
4294967279,108
4294967279,107
4294967279,106
4294967279,105
4294967279,104
4294967279,103
4294967279,102
4294967279,101
4294967279,100
4294967279,99
4294967279,98
4294967279,97
4294967279,96
4294967279,95
4294967279,94
4294967279,93
4294967279,92
4294967279,91
4294967279,90
4294967279,89
4294967279,87
4294967279,86
4294967279,85
4294967294,187
4294967279,196
4294967279,344
4294967278,527
4294967279,195
31,5
4294967294,409
4294967294,396
4294967294,395
4294967294,407
4294967294,178
4294967294,1030
4294967294,420
4294967294,1024
4294967294,168
4294967294,454
4294967294,184
4294967294,191
4294967294,109
4294967279,193
4294967279,343
4294967278,526
4294967279,192
29,5
4294967279,190
31,4
4294967279,189
31,3
31,2
31,1
4294967294,393
4294967294,389
4294967294,115
4294967279,188
4294967279,187
30,4
4294967279,186
30,3
30,2
30,1
4294967279,342
4294967279,185
4294967279,184
29,4
4294967279,183
29,3
29,2
29,1
4294967279,311
4294967279,182
4294967279,309
4294967279,180
4294967279,312
4294967294,388
4294967294,387
4294967294,46
4294967279,307
4294967279,178
4294967279,310
4294967294,81
4294967294,50
4294967279,306
4294967279,176
4294967279,308
4294967278,525
4294967278,260
4294967278,0
4294967294,5
4294967294,1028
4294967294,186
4294967294,1027
4294967294,390
4294967279,175
4294967279,173
28,5
4294967279,171
4294967279,341
4294967279,170
26,5
4294967294,22
4294967294,17
4294967294,99
4294967294,76
4294967294,41
4294967279,168
28,4
4294967279,167
28,3
28,2
28,1
4294967279,340
4294967294,1
4294967279,166
4294967279,165
27,4
4294967279,164
27,3
27,2
27,1
4294967279,339
4294967279,260
4294967279,0
4294967294,427
4294967294,52
4294967294,29
4294967294,2
4294967294,0
4294967294,467
4294967294,90
4294967294,88
4294967294,86
4294967294,85
4294967279,163
4294967294,1410
4294967294,83
0,5
4294967294,107
4294967294,67
4294967294,42
4294967294,424
4294967294,53
4294967294,51
4294967294,201
4294967294,7
4294967279,162
4294967294,6
4294967294,94
4294967294,93
4294967294,96
4294967294,95
26,4
4294967279,161
26,3
26,2
26,1
4294967279,300
4294967294,9
4294967294,8
0,7
4294967294,437
4294967294,45
4294967294,44
4294967294,43
4294967294,417
4294967294,1043
4294967294,1074
4294967294,413
4294967294,28
4294967294,1042
4294967294,27
4294967294,1068
4294967294,26
4294967294,468
4294967294,25
4294967294,92
4294967294,91
4294967294,87
4294967294,84
